100
0 97 40,2,43,67,47,13,34,19,37,50,23,18,59,68,36,52,41,75,9,51,17,45,29,76,84
1 182 16,41,23,29,2,55,10,52,40,34,85,75,73,48,43,44,31,36,47,20,37,12,93,24,46,59,17,51,50,81,84,72,32,45,67,97,19,9,60
2 101 29,41,23,52,13,59,70,9
3 34 55,79,13,36,51,81,18,45,90,77,29,19,5,21,34,71,33,68,65,59,16,87,98,75,99,91,9,56,86,57,67,42,31,53,2,76,47,28,69,48,24,1,32,8,20,12,97,0,25,27,43,54,37,93,50,26,70,6,41
4 23 75,24,15,98,88,41,71,83,28,25,55,73,74,67,70,0,54,21,79,10,34,57,66,92
5 36 59,67,15,55,60,1,46,8,10,2,24,14,57,16,18,85,70,0,40,69,76,23,99,87,71,52,43,47,6,81,28,80,31,34,97,21,20,73,48,37,82,36,42,25,72,92,19,45,68
6 185 75,14,70,71,67,68,17,12,93,2,87,50,44,51,34,48,76,13,32,16,31,77,79,21,95,8,10,97,59,41,36,52,47,1,20,69,72
7 129 34,61,51,13,45,47,67,84,74,20,35,36,92,27,18,69,55,76,2,17,30,22,4,21,28,19,8,81,88,86,65,42,31,63,85,62,44,48,0,24,23,9,5,58,46,68,32,75,53,96,49,26,29,77,79,72,87,97,50,80,11,73,83,82,60,25,37,1,14,66,15,78,89,94,10,43,70,41,95
8 173 51,87,20,12,75,50,34,70,44,47,81,86,93,45,21,76,71,0,40,32,97,68,84,73,37,66,77,2,48,99,14,36,25,92,95,41,24,28,10,43,23,59,31,60,17,13,16,52,79,18,9,85,55,80,46
9 103 
10 190 67,36,97,29,54,32,25,68,13,2,12,72,20,9,70,44,60,93,34,18,23,37,24
11 48 66,69,97,81,85,59,38,37,98,62,0,1,94,28,47,10,26,2,24,55,32,46,64,42,21,34,79,50,80,16,72,40,73,30,36,9,43,87,25,61,12,41,82,27,45,31,33,51,93,18,83,44,17,5,49,54,92,99,14,86,91,15,19,20,71,76,13,75,53,48,57,68,65,96,88,95,3,8
12 27 13,45,68,37,67,41,84,76,17,47,31,34,52,40,43,19,0,29,2,18,59
13 1 
14 143 34,29,51,45,97,37,75,9,13,59,70,36,50,44,17,31,0,48,54,95,24,55,25
15 17 47,40
16 143 67,48,23,44,76,85,25,50,70,37,12,2,31,45,55,75,18,34,59,68,17,40
17 126 43,76,29,51,9,13,59,36,50,47,52,2,70,41
18 175 67,23,9,41,29,43,47
19 79 41,59
20 194 23,44,51,76,34,12,50,32,41,67,45,29,17,2,84,18,36,52,47,68,0,70,37,9,75,31
21 56 69,60,43,75,16
22 9 76,84,52,88,23,32,15,60,27,64,2,34,99,68,83,14,77,1,47,53,42,70,85,44,21,29,58,56,66,13,28,26,3,72,89,94,25,63,50,20,19,18,62,79,65,95,6,54,59,5,98,30,69,31,92,86,67,10,4,0,61,75,11,96,73,80,93,37
23 40 
24 79 2,44,0,18,40,31,68,54,84,36,17,59,29,19,41,51,52,76,95
25 149 19,18,75,36,76,0,45,31,29,50,44,68,40,43,2,41,17,34,47,9,52,51,84,70,59,67
26 165 14,99,32,84,13,18,0,55,23,76,21,66,24,47,60,48,95
27 157 23,20,19,28,84,76,9,12,48,78,83
28 97 40,12,24,67,16,18,55,93,31,51,36,20,72,19,41,52,95,48,97,0,59,43,34,44,1,68,76,13
29 182 59,13,47,51
30 157 27,5,20,91,67
31 79 36,44,2,41,59,18,84,67
32 36 25,12,44,84,52,19,23,31,41,51,68,70,67,50,36,9,45,76,37,2,13,0,40,75
33 89 29,27,17,32,91,40,48,23,2,43,31,9,61,55,6,75,14,44,86,51,87,5,28,41,53,69,42,26,71,66,81,83,52,50,0,20,99,19,24,1,16,34,10,70,12,72,85,59,36,8,49,13,67,54,15,95,92
34 95 47,17,51,75,23,76
35 100 2,18,41,3,19,78,30,62,24,92,80,4,79,98,86,11,42,1,73,89,0,75,43,13,64,50,84,44,76,20,29,54,96,21,91,23,97,85,26,48,82,10,61,36,67,63,65,87,6,74,17,72,8,32,28,53,71,49,94,37,81,5,95,38,57,16,99,25,40,88,33,60,77,68,27,15,55,58,93,34
36 31 51,59
37 25 70,31,36,41
38 11 49,79,20,95,15
39 106 40,49,5,13,56,57,88,27,73,81,96,76,43,1,84,52,38,75,85,28,14,15,61,83,67,31,37,51,23,6,66,46,34,82,35,16,24,41,77,9,93,3,63,42,80,44,65,90,12,19,25,4,21,55,87,50,36,53,69,92,30,71,91,33,59,54,89,45,70,48,18,68,74,72,78,29,22,47,64,7,98,8,11,2,20,17,94,26,10,62,86,99,95,60
40 72 75,23,34,76,17,50,41,43,2,51,47,13,29,70,9,84
41 108 
42 199 54,16,21,0,12,93,10,75,13,23,77,66,72
43 140 51,47,36
44 16 59,29,47,2,43,36,41
45 158 17,59,9,31,18,40,51,84,34,75,41,36,2,13,23,19
46 193 47,55,18,34,48,51,19,0,54
47 163 51,59,36,23
48 81 19,59,47,70,9,97,75,32,34,51,68,24,13,37,41,67,36,2,76,95,17,40,23,44,12,55,50,31,52
49 29 27,84,44,86,25,81,10,78,51,71,53,57,12,91,83,61,20,16,60,2,15,70,48,40,41,99,77,66,73,59,68,31,82,28,62,19,75,23,21,54,93,85,18,72,8,43,52,37,36,9,42,69,29,32,34,17,76,67,45,6
50 197 41,47,29,13
51 78 
52 157 47,50,9,51,13
53 92 17,86,66,42,57,24,2,80,48,18,0,15,72,20,87,92,95,6,5,26,28,44,76,36,13,34,9,99,83,37,31,25,69,23,51,85,45,81,78,79,84,67,68,82,43,55,46,47,70,97,50,41,29,77,52,8,32,59,14,93,40
54 32 34,68,50,67,59,0,2,32,17
55 156 31,95,25,68,20,44,75,52,24,54,45,59,50,17,0,41,34,36,9,12,67,2,29,37,76,40,70,23,18,19,47,97,32,43,13,51
56 177 34,1,62,90,80,67,78,85,26,98,8,52,41,33,82,2,24,57,87,14,59,68,61,69,54,83,65,84,17,46,55,19,77,12,99,5,81,31,44,53,29,28,37,49,42,97,79,40,23,21,91,86,27,76,51,16,73,50,36
57 11 85,75,86,95,31,13,36,12,82,66,29,18,68,10,9,23,93,99,41,52
58 180 2,61,82,18,87,60,3,51,31,92,62,81,42,41,95,24,71,90,48,91,40
59 65 13
60 42 52,84,54,95,9,13,85,47,48,20,36,55,29,17,31,19,70,16,41,51,40,32,12,23
61 119 51,14,13,84,42,31,17,99,52,40,93,34,16,41,32,69,72,55,57,37,45,0,47,71,10,85,36,46,86,80,59,97,12,5,95,9,78,8,68,48
62 12 1,24,59,44,20,75,42,40,17,6,14,97,93,46,72,28,57,19,48,50,81,5,0,29,92,95,71,12,13,41,87,16,21,23,84,66,25,55,69,73,47,9,8,15,60,18,86,80,43,85,82,34,99,10,76,2,37,67
63 64 10,98,27,52,43,41,71,9,56,29,60
64 6 68,34,14,54,57,71,26,70
65 102 46,72,33,0,13,77,99,41,15,20,37,51,36,93,29,73,78,70,17,31,97,25,24,6,8,53,10,61,84,75,21,43,50,47,71,14,1,57,34,16,98
66 59 60,47,24,69,93,77,0,29,86,59,84,36,21,23,44,48,80,67,31,14,34,13,87,19,72,95,37,50,71,41,51,97,18,73,32,43,85,70,10,92,76,45,25,52,40,12
67 17 13,23,29,43,70,76,41,2,52,47,59,17,51,36,9
68 127 75,31,37,41,67,29,59,52,13,36,19,51,70,9
69 54 87,41,67,12,54,93,2,34,55,18,97,20,76,24,84,71,32,13,50,68,73,70,44,59,85,43,46,75,36,52,28,14,47,16,95,9
70 112 47,29,52,9,13,76,51,50
71 51 76,23,10,51,13,12,18,75,47,24,36,2,41,97,68,1,34,93,31,28,40,85,95,59,14,54,84,0,70,55,44,48,52,32,46,17
72 171 43,29,13,12,36,45,51,16,84,23,75,9,32,48,19,54
73 62 31,84,18,17,68,44,29,47,75,76,13,97,0,70,67,23,45,50,55,95,59,25,52,12,20,9,48,54,34,32,40
74 45 71,53,83,73,58,0,27,37,49,52,18,36,17,70,6,98,30,51,96,77,54,48,91,29,82,9,55,32,46,43,20,24,87,47,69,23,56,85,95
75 19 50,9,2,59,17,52,47,36,76,41,13,43,51,44,70,23,29
76 191 59,50,23,36,41,29,13,51,9
77 37 0,50,55,2,84,17,43,97,60,75,20,81,19,1,51,59,73,71,72,40,46,23,70,93,48,54,13,28,36,45,16,18,12,76,67,52,29,10,14,9,68,92,31,25,87,95,69,37,21
78 96 77,57,42,0,93,14,69,13,60,59,28,40,66,8,55,5,99,12,43,51,87,85,79,26,47,95
79 198 55,40,43,9,28,31,37,84,54,41,52,97,50,2,68,12,46,76,69,13,51,47,95,10
80 126 75,68,77,55,71,54,24,87,69,70,51,28,31,97
81 10 9,95,23,18,85,47,67,16,48,50,55,34,13,24,14,12,68,72,41,36,76,45,84,0,20,75,97,54,17,73,51,40,70,60,43,32,52,37,59,19,46,44,31,25
82 121 55,54,52,51,73,86,97,87,34,12,0,6,81,41
83 195 21,76,77,17
84 20 36,41,50,17,29,75,44,13,43,59,76,67,47,70,51
85 163 44,36,31,18,95,55,68,9,24,48,37,20,75,32,25,2,29,40,45,97,12,59,13,41,23,34,67
86 157 85,32,1,40,16,81,2,70,45,55
87 52 0,72,36,14,48,97,59,45,9,54,28,84,43,76,13,32,95,24,18,73,55,50,23,19,12,31,60,44,10,2,81,67,1,17,93
88 88 84,45,32,12,67,53,33,30,6,47,81,10,19,38,70,76,80,60,55,91,57,50,61,71,1,78,41,17,20,77,82,46,49,93,97,54,31,59,51,37,21,87,24,3,8,90,40,18,16,2,73,56,64,99,86,79,5,9,44,68,48
89 178 9,36,0,96,88,2,76,71,53,69,58,46,37,16,30,23,11,44,73,48,59,42,86,72,60,94,19,29,51,25,83,31,97,68,56,99,28,43,79,98,80,77,6,14,18,87,26,17,34,41
90 147 85,26,61,80,81,57,2,99,43,77,42,13,62,97,40,1,93,47,54,25,82,49,33,53,50,24,87,27,70,68,84,14,48,34,5,8,29,75,72,23,18,28,73,71,21,65,92,12,15,36,67,44,76,19,60,0,52,98,31
91 110 82,20,55,68,97,26,13,80,50,12,40,2,52,24,86,87,1,0,27,6,36,47,31,95,53,29,85,76,21,17,73,34,59,60,44,8,54,32,45,48,5,83,67,28,71,16,66,18,72,75,51,81,99,78,46,41,93,15,42,23,77,62,25,10,57,70,92,14
92 74 32,37,87,44,14,16,50,68,51,41,24,75,28,95,43,73,10,93,45,25,47
93 45 44,51,32,72,55,50,14,95,46,17,43,16,36,59,52,23,34
94 133 68,14,23,79,1,87,45,62,73,33,9,95,34,49,27,81,41,53,55,43,66,8,18,59,24,19,61,54,6,16,72,92,84,32,48,76,90,97,82
95 71 59,32,34,40,2,29,51,47,37,70,19,25,43,76,54,9,84,0,17
96 0 64,93,76,78,65,77,95,90,1,15,18,59,52,75,48,86,12,55,27,19
97 109 54,36,50,59,34,37,75,41,44,29,20,32,13,67,45,2,70,9,18,19,76,52,47
98 121 79,46,75,31,97,92,54,61,62,2,70,43,93,6,60,19,37,33,12,24,99,40,84,81,55,1,16,44,25,20,27,76,57,9,52,15,66,26,91,71,85,82,10,68,42,0,5,80,29,13,34,47,23,83,95,18,36,41,77,59,17,67,53,32,28,87,72,49,51,78,8,48,21,86,45,73
99 64 60,31,23,76,43,85,92,16,55,13,9,19,29,17,80,71,45,2,24,87,75,84,93,66,14,95,28,32,77,67,0,10,50,48,97,12,21

——————————————————————
6152
[51->36->47->29->50->76->70->2->17->67->18->31->45->0->25->32->20->97->55->48->85->16->72->93->10->1->28->87->69->21->77->80->66->99->8->6->82->57->5->78->27->91->49->33->98->65->90->56->3->58->89->35->7->39->end]
0
0
0
0
110
0
0
0
0
548
0
44
122
12
334
2977
0
0
0
1265
0
0
91
69
121
0
361
0
0
0
586
0
0
0
85
0
0
6
703
0
85
346
355
643
195
0
284
0
0
0
0
0
34
65
121
0
0
0
0
12
174
148
241
328
1136
0
0
0
6
0
0
1
0
640
110
85
0
0
0
144
0
225
0
676
153
0
265
0
44
0
0
0
36
0
210
121
343
0
0
0
