100
0 35 52,26,54,83,40,28,37,48,32,69,3,73,86,21,72,39,27,24,8,79,98,94,68,70,90
1 97 69,40,58,10,3,84,80,92,52,2,0,27,51,37,24,36,54,67,32,89,76,77,79,48,59,66,20,47,94,18,26,83,68
2 69 20,83,40,17,90,31,58,0,27,47,9
3 53 10,86,21,73,24,20,93,90,40
4 92 3,80,90,70,20,94,28,61,54,69,39,21,40,52,24,83,93,86,87,73,48,85,51,98
5 86 84,48,76,38,70,74,59,96,80,62,58,69,67,85,68,1,31,2,64,90,52,44,54,61,20,77,47,36,9,89,33
6 51 62,24,57,33,12,77,32,82,22,48,67,94,71,29,0,23,43,89,39,65,66,52,16,45,84,70,4,92,20,86,58,11,80,75,64,87,3,83,72,40,15,73,42,59,31,9,95,78,2,60,54,37,97,27,8,56,49,46,17,68,1,13,50,36,61,19,79,26,96,91
7 49 73,54,9,18,77,12,93,70,96,43,33,1,76,91
8 42 87
9 80 
10 53 
11 48 47,52,22,0,61,16,20,69,72,40,91,25,4,36,32,39,26,17,8,77,75,59,38,76,1,24,46,43,83,9,10,57,84,68,65,18,74,70
12 94 84,33,28,37,96,51,48,43,4,85,58,66,27,31,47,2,46,75,26,76,98,80,68,78,74
13 1 76,59,69,46,72,47
14 1 49,19,3,10,15,32,31,76,46,13,4,38,77,72,74,51,39,79,53
15 86 26,2,60,92,36,13,73,58,69,75,57,3
16 32 18,75,28
17 64 28,21,26,94,79,87,31,70,69,10,98,85,48,86,73,93
18 32 98,28,83,32,21,54,73,3,40,61,51,20,72,69,70,87,10,24,31,26,85,48,80,39,94,86
19 26 46,39,26,51,86,54,48,10,98,47,90,40,84,4
20 9 21
21 7 40,73
22 87 36,43,21,70,75,92,54,87,18,80,68,26,31,73,3,28,59,72,44,27,39,69,9,79,61,40,24,20,37,4,51,0,86
23 69 0,31,48,71,44,41,65,40,87,91,5,16,97,83,90,79,26,99,89,84,66,4,8,51,70,19,59,9,47,85,39,33,20,62,54,38,27,10,18,61,32,52,94,92,25,49,80,77,75,36,58,93,98
24 6 73,86,69,40
25 39 75,16,26,58,47,97,64,28,61,91,59,79,72,84
26 0 48,3,20,72,69,70,93,94,73,90,10,85,61
27 69 85,94,10,3,4,20,80,70,86,40,21,32,69,52,90,98,51,54,31,73
28 68 93,32,3,26,21,72,61,90,20,70
29 14 58,63,38,89,57,46,23,11,4,56,13,77,15,5,3,44,93,19,73,98,67,49,51,26,8,16,27,68,64,25,0,9,43,48,85,94,70,71,31,66,99,22,37,18,1,79,20,40,28,78,36,12,61,24,86,33,90,80,65
30 92 31,27,25,47,6,65,21,68,19,15,17,32,51,60,85,34,29,40,58,0,24,39,98,63,95,87,18,4,9
31 34 54,61,21,28,48,87,32,70
32 28 48,54,69,90,20,70,93,24,73,21,85
33 1 92,24,85,51,48,8,76,19,2,86,87,39,0,66,93,44,43,77,52,59,4,54,10,46,22,70,17,67,31,89,84,61,79,80,1,74,94,37,40,27,98,69,9,65,57,90,68,32,72,38,20,36,26,75,64,62,73
34 38 69,5,21,52,16,71,9,64,70,26,37,96,41,72,12,91,83,0,94,76,46,80,29,54,47,19,62,57,97,65,11,40,27,23,31,2,79,92,59,39,85,6,38,67,36,82,77,33,78,90,74
35 48 17,67,94,80,85,36,2,78,90,68,37,29
36 49 54,92
37 33 26,86,31,85
38 84 84,0,24,18,67,57,44,4,20,98,58,40,32
39 39 48,10,21,26,54,83,87,70,51,20,61,40,94,86,32,85,72,93,24,28,90,69,73
40 4 69,90,10
41 55 79,48,0,69,43,97,20,80,16,86,22,40,1,49,77,70,3,94,75,44,61,66,13,85
42 49 80,52,21,93,90,86,56,16,40,20,49,60,98,72,73,32,19,64,31,85,47,97,83,37,18,89,70,25,71,45,99,29,11,41,94,43,67,57,13,5,54,23,87,68,27,15,24,82,79,48,65,0,26,1,38,66,12,58,59,63,8,62,92,17,36,44,91,75,22,74,3,39,76,50,84,2
43 92 80,32,10,85,83,20,28,52,94,68,0,27,90,75,92,70,73,36,8,3,26,59,51,84,4,39,54,21,24,18,93,40,48,98,17,79,87,86,37,31
44 76 51,31,8,87,39,28,48,20,72,4,70,26,43,18,40,17,32,21,94,73,24,0,83,90,36,86,84,75,85,10,54,92,37,80,27,52,3,93,98,59,69,79,68,61
45 76 10,24,43,98,54,58,49,59,78,17,41,52,13,61,12,60,92,86,57,1,84,48,80,56,3,46,70,21,33,2,65,89,77,69,47,26,23,4,66,73,72,79,62,25,51,5,27,71,91,20,8,67,11,64,32,44,90,76,93,16,22,83,75,97,38,96,9,37,74,39,50,18,87,31,63,99,36,94,68
46 47 69,22,28,93,27,32,8,51,18,54,31,76,3,0
47 80 8,98,37,20,52,31,39,48,44,79,94,28,4,36,27,73,21,84,61,93,70,59,90,24,92,87,54,10,0
48 82 86,40,69,20,24,3,73
49 34 52,18,32,8,90,46,68,89,65,85,67,38,59,22,48,93,86,4
50 89 24,70,9,19,10,72
51 1 21,73,86,61,70
52 66 72,48,10,31,94,24,39,86,32,90,80,70,87,51,73,85,54,20
53 0 44,9,47,68,12,80,25,71,3,7,61,13,62,0,8,49,41,37,60,89,55,79,20,43,48,77,6,97,95,40,56,19,27,67,78,28,94,33,81,58,29,30,11,16
54 15 90,94,73,21,86,48,85
55 3 36,23,97,64,85,57,46,94,42,56,66,6,7,2,39,37,18,45,81,40,54,47,91,31,68,73,1,30,29,74,69,96,27,79,92,11,26,38,84,65,3,17,20,59,67,12,52,71,93,89,16,90,48,50,61,34,28,78,88,9,5,80,77,32,33
56 23 77,63,1,33,50,0,28,10,79,8,91,76,9,16,3,78,97,22,2,83,73,69,54,94,23,52,67,32,41,62,21,19,58,87,25,72,75,27,68,43,86,46,5,12,37,39,66,85,71,60,98,65,49,59,40,44,70,90,36,48,38,96,61,31,18,13,24,74,80,17,84,26
57 62 21,51,31,66,75,9,1,18,90,98,85,20,52,58,40,76,94,62,27,10,89,47,54,46,0,68,69,4,87,32,83
58 97 18,54,87,22,46,8,9,43,67,32,24,20,72,98,51,19,10
59 41 84,17,32,86,90,24,3,68,87,61,4,94,48,75,98,54,40,39,10,37,26,8,20,27
60 51 77,94,57,98,70,10,1,91,92,78,99,64,8,66,90,63,46,18
61 17 85,54,48,32,21,70,94,10,20,3,73,69,86,24,93
62 65 48,44,36,79,39,28,70,31,0,52,18,43,10,61,66,85,40,89,2,75,22,46,32,86
63 49 77,39,92,8,23,99,96,9,46,38,91,18,65,20,70,48,62,68,66,94,44,78,4,90
64 99 79,18,67,24,90,66,4,93,2,76,58,52,59,17,40,80,21,28,75,68,20,0,89,48,96,92,37,70,39,26
65 60 18,96,3,28,80,36,75,76,86,85,40,72,90,79,37,73,21,83,10,64,57,32,46,58
66 29 17,68,87,80,69,44,90,8
67 54 9,87,24,54,32,90,21,94,18,22,86,79,80,70,77,0,89,98,48
68 21 48,72,85,51,32,90,70,4,61,31,28,10,73,26,83,54,3,18,24,87,27,98,20,40
69 31 
70 13 90,21,3,94
71 91 20,93,18,2,5,24,52,98,87,75,1,19,33,62,21,54,65,46,17,94,84,58,67,61,44,70,89,32,36,79,26,27,49,3,72,90,37,43,85,48,9,74,0,38,80,64,39,59,57,13,47,4,40,69,86,66,8,51,31,83,96,28,10,68,73
72 18 90,20,3,69,40,32,24,86
73 3 
74 64 76,47,65,37,92,77,98,3,40,68,54,10,57,62,58,36,8,86,67,4,59,44,39,0,66,83,27,79,84,64,89,96,70,32,31,51,20,26,17,69,21,87,80,1,90,85,75,38,2
75 39 0,84,28,37,51,8,3,20,73,48,98,10,83,86,61,90,21,69,32,27,70,93
76 27 36,79,31,4,27,90,59,92,39,40,70,43,75,3,93,52,69,72,0,21,17,51,8,68,37,84,80,10,94,61,18,86,20,48,28
77 78 47,21,43,79,24,22,68,87,73,52,31,20,44,69,40,48,32,54
78 49 92,1,37,27,39
79 35 20,69,54,94,51
80 51 
81 80 25,50,47,52,84,86,80,62,38,39,92,1,79
82 36 9,19,36,68,97,8,47,77,3,99,39,21,70,37,73,15,98,38,52,23,67,74,90,0,84,75,62,29,11,41,71,89,63,12,16,4,18,46,20,69,50,49,96,31,45,32,40,58,56,10,92,79,94,57,54,24,28,1,61,83,59,93,86
83 23 90,21,3,85,73,40,28,61,69,94,70,93,86,54,10,32,80
84 27 26,70,21,27,51,68,98,40
85 86 90,40,93
86 14 90,10,73
87 48 72
88 8 32,91,42,57
89 82 21,84
90 1 
91 69 3,94,75,13,36,18,80,71,10,51,46,32,62,65,1,87,76,44,96
92 43 4,52,32,28,84,80
93 8 10,86,24,90,21,69
94 80 93,20,21,3,73,90,10,86,40,48,69
95 89 54,63,8,84,97,42,58,51,57,78,66,9,21,0,5,75,3,60,32,24,19,80,1,77,40,26,76,12,72,91,2,87,61,28,20,33,29,67,89,70,18,25,43,37,22,41,86,49,27,62,68,82,90,11,44,46,15,59,93,36,31,79,10,56,96,39,73,4,69,47,64,74,52,48,99,23,16,92,17,83,71,50,45,94,98
96 59 59,10,73,92,44,77,90,8,51,84,93,26,68,80,47,69,32,76,86,37,66,18,9,31
97 55 5,89,44,57,37,31,93,62,36,52,21,65,59,67,20,2,33,54,68,51,84,69,74,9,43,80,92,98,75,85,86,4,10,1,22,94,70,66,17,49,83,77,0,90,87,27,26,39,19,96,38,18,32,64,79,8,28,40,71,58,61,47,76,46,24,13,3,72,73
98 26 86,94,93,83,26,61,72,32,73,48,39,54,87,20,24,80,51,3,85,69,40,90,70
99 37 83,59,24,3,91,85,33,66,38,73,90,39,98,71,72,86,94,36,76,41,18,21,80,40,92,67,26,28,77,70,68,1,93,27,2,46,87,69,48,62,74,43,16,89,31,61,10,19,32,58,5,8,96,4,0,51,79,52,13,65

————————————————
2667
[10->86->24->93->3->48->94->54->32->72->28->83->39->52->4->27->68->84->92->36->43->44->22->77->67->58->2->1->57->38->74->33->5->71->97->41->99->23->63->60->15->29->82->42->95->6->34->30->55->53->14->end]
[10->86->24->93->3->48->94->54->32->72->26->28->83->39->52->4->27->68->84->92->36->43->44->22->77->67->58->2->1->57->38->74->33->5->71->97->41->99->23->63->60->15->29->82->42->95->6->34->30->55->53->14->end]
4
0
0
0
0
0
0
653
292
942
0
184
400
644
0
0
1106
236
169
59
8
8
0
0
0
39
0
0
0
0
0
28
0
0
0
311
0
247
0
0
8
0
0
0
0
1
59
7
0
117
938
91
0
0
0
0
1
0
0
4
0
1
32
0
84
24
356
0
0
30
2
0
0
50
0
4
195
0
555
347
374
583
0
0
0
129
0
43
262
343
52
39
0
0
0
0
245
0
40
0