5 6
0 2 4 5 5 6
1 2 2 3 4 3
14 1 9 1 3 16
3
0 4
3 1
0 3
结果
0->2->4  4
NO
0->1->3   15

5 6
0 2 4 5 5 6
1 2 2 3 4 3
47 28 7 17 0 32
3
0 4
3 1
0 3
结果
0->2->4  28
NO
0-2-4-3 60


5 6
0 3 4 5 6 6
1 2 3 4 1 2
14 15 19 17 4 11
4 
3 4
4 3
1 2
2 1
结果
3->2->1->4 32
NO
NO
2->1 4

换权值
5 6
0 3 4 5 6 6
1 2 3 4 1 2
194 169 54 171 147 239
4 
3 4
4 3
1 2
2 1
结果
3->2->1->4 557
NO
NO
2->1 147


4 7
0 1 4 4 7
1 1 2 3 0 0 2
30 26 23 9 29 14 10
4
0 2
1 1
3 1
2 3
结果
0->1->3->2 49
1->1 26
3->0->1 44
NO
换权值
4 7
0 1 4 4 7
1 1 2 3 0 0 2
12 79 4 59 129 86 140
4
0 2
1 1
3 1
2 3
0->1->2 16
1->1 79
3->0->1 98
NO


5 7
0 2 4 5 6 7
0 1 2 4 1 4 0
77 52 61 72 61 85 20
6
3 2
2 0
2 2
1 1
4 2
0 2
结果
3-4-0-1-2 218
2-1-4-0 153
2-1-2 122
1-2-1 122
4-0-1-2 133
0-1-2 113


4 6
0 3 3 5 6
0 1 3 1 3 2
19 93 71 56 27 41
6
2 2
1 3
0 2
2 1
3 1
0 0
结果
2-3-2 68
NO
0-3-2 112
2-1 56
3-2-1 97
0-0 19


6 7
0 1 2 3 5 6 7
1 2 4 2 5 3 2
37 52 85 60 36 67 25
8
0 5
0 4
0 3
4 5
4 2
4 4
3 3
5 4
结果
0-1-2-4-3-5 277
0-1-2-4 174
0-1-2-4-3 241
4-3-5 103
4-3-2 127
4-3-2-4 212
3-2-4-3 212
5-2-4 110

换权值
6 7
0 1 2 3 5 6 7
1 2 4 2 5 3 2
873 229 312 876 625 41 411
8
0 5
0 4
0 3
4 5
4 2
4 4
3 3
5 4
结果
0-1-2-4-3-5 2080
0-1-2-4 1414
0-1-2-4-3 1455
4-3-5 666
4-3-2 917
4-3-2-4 1229
3-2-4-3 1229
5-2-4 723


6 15
0 5 9 12 14 15 15
1 2 3 4 5 2 3 4 5 3 4 5 4 5 5
6 8 11 16 22 6 8 11 16 7 9 12 8 10 9
8
0 5
1 5
5 1
3 3
1 1
2 3
3 5
1 4

结果
[0->2->5 20]
[1->5 16]
NO PATH
NO PATH
NO PATH
[2->3 7]
[3->5 10]
[1->4 11]