5 6
0 2 4 5 5 6
1 2 2 3 4 3
3
0 4
3 1
0 3
结果
0->2->4
NO
0->1->3


5 6
0 3 4 5 6 6
1 2 3 4 1 2
4 
3 4
4 3
1 2
2 1
结果
3->2->1->4
NO
NO
2->1


4 7
0 1 4 4 7
1 1 2 3 0 0 2
6
0 2
1 1
3 1
2 3
0 0
3 3
结果
0->1->2
1->1
3->0->1
NO
0->1->3->0
3->0->1->3


5 7
0 2 4 5 6 7
0 1 2 4 1 4 0
6
3 2
2 0
2 2
1 1
4 2
0 2
结果
3-4-0-1-2
2-1-4-0
2-1-2
1-2-1
4-0-1-2
0-1-2


4 6
0 3 3 5 6
0 1 3 1 3 2
6
2 2
1 3
0 2
2 1
3 1
0 0
结果
2-3-2
NO
0-3-2
2-1
3-2-1
0-0


6 7
0 1 2 3 5 6 7
1 2 4 2 5 3 2
8
0 5
0 4
0 3
4 5
4 2
4 4
3 3
5 4
结果
0-1-2-4-3-5
0-1-2-4
0-1-2-4-3
4-3-5
4-3-2
4-3-2-4
3-2-4-3
5-2-4