输入1：
4
4
5
0 0
0 1
1 2
2 0
3 3
____________________________
输出：（4条）
0 1
1 2
2 0
3 3
____________________________
输入2：
6
6
10
0 0
0 2
1 3
1 5
2 1
2 3
3 4
4 4
4 5
5 5
____________________________
输出：（5条）
0 0
1 3
2 1
3 4
4 5
____________________________
输入3：
5
5
12
0 0
0 3
0 4
1 0
1 3
2 0
2 1
3 1
3 2
3 4
4 1
4 3
____________________________
输出答案1：（答案不唯一）（5条）
0 4
1 0
2 1
3 2
4 3
____________________________
输出答案2:
0 4
1 3
2 0
3 2
4 1
____________________________
输入4：
4
4
5
0 0
0 1
1 2
2 0
3 3
____________________________
输出：（4条）
0 1
1 2
2 0
3 3
____________________________
输入5:
6
6
9
0 0
0 4
1 1
2 2
2 5
3 1
3 3
4 0
5 2

____________________________
输出：（6条）
0 4
1 1
2 5
3 3
4 0
5 2
____________________________
输入6:（5条）
6
6
10
0 0
0 2
1 3
1 5
2 1
2 3
3 4
4 4
4 5
5 5
____________________________
输出：
0 0
1 3
2 1
3 4
4 5
____________________________
输入7:
19
20
41
0 11
0 13
0 15
0 18
1 2
2 12
2 14
3 4
3 14
4 6
4 11
4 18
6 0
6 9
6 19
7 19
8 7
8 9
8 18
9 2
9 6
9 10
9 11
10 1
10 2
10 4
10 8
10 18
11 9
12 2
12 3
12 4
12 9
14 0
14 17
16 1
16 10
16 13
17 13
18 0
18 11
____________________________
输出：（原答案，和我的答案有区别）
0 15
1 2
2 12
3 4
4 6
6 9
7 19
8 7
9 10
10 8
12 3
14 17
16 1
17 13
18 0
-----------------------------
my answer:（比原答案多一条边）（16条）
0 15
1 2
2 12
3 14
4 6
6 0
7 19
8 7
9 10
10 4
11 9
12 3
14 17
16 1
17 13
18 11